City,Lat,Lng,Max Temp,Humidity,Cloudiness,Wind Speed,Country,Date
Atuona,-9.8,-139.0333,26.08,66,34,5.58,PF,1636775936
Boden,65.8252,21.6886,-4.0,97,31,1.03,SE,1636775936
Nouadhibou,20.931,-17.0347,19.99,73,0,2.06,MR,1636775937
Albany,42.6001,-73.9662,5.73,90,4,1.31,US,1636775937
Hilo,19.7297,-155.09,23.78,87,63,0.89,US,1636775937
Castro,-24.7911,-50.0119,11.02,88,82,5.33,BR,1636775938
Kapaa,22.0752,-159.319,24.51,59,73,3.58,US,1636775938
Hobart,-42.8794,147.3294,12.35,81,75,0.45,AU,1636775939
Bredasdorp,-34.5322,20.0403,16.27,81,52,3.08,ZA,1636775939
Lubao,14.9167,120.55,32.01,61,89,4.77,PH,1636775940
Vanimo,-2.6741,141.3028,30.18,69,99,3.44,PG,1636775940
Mar del Plata,-38.0023,-57.5575,16.6,88,4,13.86,AR,1636775747
George Town,5.4112,100.3354,28.96,87,40,0.89,MY,1636775915
Fortuna,40.5982,-124.1573,14.68,73,90,0.0,US,1636775941
Cabo San Lucas,22.8909,-109.9124,24.78,81,0,1.7,MX,1636775857
Souillac,-20.5167,57.5167,25.76,83,40,1.54,MU,1636775942
Busselton,-33.65,115.3333,21.14,38,8,3.59,AU,1636775942
Puerto Ayora,-0.7393,-90.3518,20.34,86,52,3.99,EC,1636775943
Rikitea,-23.1203,-134.9692,23.28,64,36,2.25,PF,1636775943
Guerrero Negro,27.9769,-114.0611,20.86,51,9,2.38,MX,1636775944
Ibirama,-27.0569,-49.5178,17.4,97,92,0.88,BR,1636775944
Shurugwi,-19.6702,30.0059,17.03,77,52,2.63,ZW,1636775945
Saint George,37.1041,-113.5841,17.97,49,1,0.45,US,1636775945
San Patricio,28.017,-97.5169,22.69,56,0,6.02,US,1636775945
Itoman,26.1247,127.6694,22.01,53,75,4.63,JP,1636775946
Kanel,15.4916,-13.1763,28.0,39,0,1.03,SN,1636775946
Upernavik,72.7868,-56.1549,-15.49,79,73,3.61,GL,1636775947
Khromtau,50.2503,58.4347,-3.93,72,100,9.85,KZ,1636775947
Tasiilaq,65.6145,-37.6368,-10.31,78,100,1.8,GL,1636775947
Ushuaia,-54.8,-68.3,6.81,87,20,3.6,AR,1636775948
Nicoya,10.1483,-85.452,23.75,91,6,1.08,CR,1636775948
Avarua,-21.2078,-159.775,26.03,83,90,4.63,CK,1636775949
Nikolskoye,59.7035,30.7861,3.82,93,98,1.65,RU,1636775949
Segovia,41.1667,-4.0,6.91,90,7,1.76,ES,1636775949
Mataura,-46.1927,168.8643,8.78,99,100,3.04,NZ,1636775950
Chui,-33.6971,-53.4616,13.73,74,5,4.03,UY,1636775950
Severo-Kuril'sk,50.6789,156.125,5.87,94,100,3.7,RU,1636775951
Harper,4.375,-7.7169,25.0,90,63,2.68,LR,1636775951
Cabinda,-5.55,12.2,25.36,88,82,3.42,AO,1636775952
São João da Barra,-21.6403,-41.0511,18.09,83,100,4.63,BR,1636775952
Tazmalt,36.3868,4.3989,12.81,80,97,2.38,DZ,1636775953
Bluff,-46.6,168.3333,9.35,91,100,8.96,NZ,1636775953
Thompson,55.7435,-97.8558,-4.91,74,90,1.54,CA,1636775953
Lebu,-37.6167,-73.65,10.57,86,47,4.04,CL,1636775954
Khandagayty,50.7333,92.05,-5.96,74,51,1.32,RU,1636775954
Cape Town,-33.9258,18.4232,17.16,94,20,0.45,ZA,1636775635
San,13.3034,-4.8956,23.62,14,93,4.18,ML,1636775955
Fairbanks,64.8378,-147.7164,-16.33,81,90,0.0,US,1636775701
Carnarvon,-24.8667,113.6333,25.04,53,6,8.23,AU,1636775955
San Fernando del Valle de Catamarca,-28.4696,-65.7852,24.25,61,84,7.48,AR,1636775956
Namatanai,-3.6667,152.4333,28.6,74,99,2.34,PG,1636775956
Arman',59.7,150.1667,2.79,97,100,5.35,RU,1636775958
Itarema,-2.9248,-39.9167,26.15,79,8,4.39,BR,1636775958
Bubaque,11.2833,-15.8333,28.17,68,100,4.29,GW,1636775958
Petropavlovsk-Kamchatskiy,53.0452,158.6483,5.33,100,90,3.0,RU,1636775959
Hermanus,-34.4187,19.2345,16.61,87,24,3.14,ZA,1636775959
Yellowknife,62.456,-114.3525,-2.55,96,90,7.72,CA,1636775960
Port Alfred,-33.5906,26.891,17.22,84,47,2.44,ZA,1636775960
Punta Arenas,-53.15,-70.9167,7.06,76,0,2.57,CL,1636775961
Abu Kamal,34.4506,40.9171,13.14,41,0,0.94,SY,1636775961
Sulangan,11.1373,123.7228,28.73,76,100,3.94,PH,1636775962
Vaini,-21.2,-175.2,28.09,78,40,3.09,TO,1636775962
Hithadhoo,-0.6,73.0833,28.14,75,67,5.63,MV,1636775962
Samut Prakan,13.5,100.45,30.81,66,58,3.86,TH,1636775963
Wilmington,34.2257,-77.9447,14.94,95,60,0.45,US,1636775840
Constitución,-35.3333,-72.4167,10.33,93,36,3.64,CL,1636775834
Arraial do Cabo,-22.9661,-42.0278,19.83,65,92,4.54,BR,1636775964
Rocha,-34.4833,-54.3333,10.36,90,22,2.64,UY,1636775964
Khatanga,71.9667,102.5,-30.19,96,87,1.92,RU,1636775964
Rantauprapat,2.1,99.8333,30.27,63,87,0.88,ID,1636775965
Kaitangata,-46.2817,169.8464,9.41,97,100,5.98,NZ,1636775965
Lagoa,39.05,-27.9833,18.45,90,100,8.32,PT,1636775966
Port Elizabeth,-33.918,25.5701,13.16,94,0,2.06,ZA,1636775966
Butaritari,3.0707,172.7902,28.37,71,43,6.52,KI,1636775966
Bambous Virieux,-20.3428,57.7575,25.68,83,40,1.54,MU,1636775967
Antakya,36.2066,36.1572,13.08,42,7,2.67,TR,1636775967
Sabang,5.8933,95.3214,27.86,75,99,7.81,ID,1636775968
Goderich,43.7501,-81.7165,5.18,75,100,9.26,CA,1636775968
Taoudenni,22.6783,-3.9836,20.68,14,20,2.42,ML,1636775969
Formosa do Rio Preto,-11.0483,-45.1931,22.56,70,35,1.61,BR,1636775969
Comodoro Rivadavia,-45.8667,-67.5,12.92,94,0,5.66,AR,1636775970
Dikson,73.5069,80.5464,-11.57,95,100,4.13,RU,1636775970
Karratha,-20.7377,116.8463,31.05,19,56,7.27,AU,1636775971
Ust'-Omchug,61.15,149.6333,-4.6,96,100,2.12,RU,1636775971
Waingapu,-9.6567,120.2641,28.84,73,100,0.99,ID,1636775972
Saldanha,-33.0117,17.9442,17.15,86,12,6.1,ZA,1636775972
Paphos,34.7667,32.4167,13.88,38,20,4.63,CY,1636775972
Talara,-4.5772,-81.2719,17.71,85,91,6.55,PE,1636775973
Nelson Bay,-32.7167,152.15,20.72,44,27,2.24,AU,1636775973
Jamestown,42.097,-79.2353,8.8,62,90,6.71,US,1636775759
Khani,41.9563,42.9566,-2.24,57,21,2.08,GE,1636775974
Chiredzi,-21.05,31.6667,23.95,62,0,0.9,ZW,1636775974
Siniscola,40.5719,9.6922,10.75,86,40,1.37,IT,1636775975
Airai,-8.9266,125.4092,22.12,77,100,0.42,TL,1636775975
Calama,-22.4667,-68.9333,12.27,19,66,3.09,CL,1636775975
Dingle,10.9995,122.6711,29.1,74,88,5.91,PH,1636775976
Naryan-Mar,67.6713,53.087,-10.32,84,16,2.85,RU,1636775976
Carupano,10.6678,-63.2585,24.65,89,42,2.8,VE,1636775842
Clyde River,70.4692,-68.5914,-20.33,94,76,3.05,CA,1636775977
Maningrida,-12.0667,134.2667,32.13,55,99,3.36,AU,1636775977
Labuhan,-6.8844,112.2051,29.14,67,100,2.13,ID,1636775978
Torbay,47.6666,-52.7314,0.98,83,40,4.12,CA,1636775978
Yar-Sale,66.8333,70.8333,-8.91,96,100,2.78,RU,1636775979
Province of Mantua,45.1667,10.7833,10.45,91,12,1.34,IT,1636775980
Novikovo,51.1537,37.8879,1.39,92,59,4.53,RU,1636775981
Lompoc,34.6391,-120.4579,21.98,53,16,2.4,US,1636775948
Mackay,-21.15,149.2,30.02,44,48,5.66,AU,1636775981
Rabo de Peixe,37.8,-25.5833,20.73,81,40,7.2,PT,1636775982
Valparaíso,-33.0393,-71.6273,13.8,67,0,1.03,CL,1636775982
Yeppoon,-23.1333,150.7333,25.88,36,71,4.62,AU,1636775982
Santa Maria,-29.6842,-53.8069,16.61,77,0,5.66,BR,1636775983
Chokurdakh,70.6333,147.9167,-20.2,92,100,3.64,RU,1636775983
Tigil',57.8,158.6667,0.54,87,86,3.23,RU,1636775984
Berlevåg,70.8578,29.0864,-2.71,72,100,8.96,NO,1636775984
Saint-Philippe,-21.3585,55.7679,28.04,73,56,4.6,RE,1636775984
Alofi,-19.0595,-169.9187,27.94,69,100,1.03,NU,1636775985
Esperance,-33.8667,121.9,17.91,51,100,4.73,AU,1636775985
Nanortalik,60.1432,-45.2371,-4.18,65,100,4.1,GL,1636775986
Touros,-5.1989,-35.4608,26.5,82,72,5.11,BR,1636775986
Moyo,3.6609,31.7247,18.71,91,94,0.67,UG,1636775986
Okhotsk,59.3833,143.3,0.76,100,100,3.38,RU,1636775987
Komatipoort,-25.4332,31.9548,23.92,73,83,3.51,ZA,1636775987
Tuktoyaktuk,69.4541,-133.0374,-8.0,93,90,4.63,CA,1636775988
Liverpool,53.4106,-2.9779,12.08,88,90,3.13,GB,1636775810
Zhigansk,66.7697,123.3711,-23.99,95,100,2.58,RU,1636775988
Cidreira,-30.1811,-50.2056,18.0,68,85,7.33,BR,1636775989
Coquimbo,-29.9533,-71.3436,12.85,87,0,1.03,CL,1636775989
Mt. Pleasant,32.7941,-79.8626,13.33,92,1,0.0,US,1636775877
Southwick,42.0548,-72.7704,8.76,95,8,0.74,US,1636775990
Ottawa,45.4112,-75.6981,6.24,77,75,1.34,CA,1636775286
Qaanaaq,77.484,-69.3632,-21.69,59,0,4.04,GL,1636775990
Husavik,66.0449,-17.3389,-10.05,83,100,5.44,IS,1636775991
Barrow,71.2906,-156.7887,-10.82,91,99,3.08,US,1636775991
Nhulunbuy,-12.2333,136.7667,27.34,89,75,5.14,AU,1636775715
Viedma,-40.8135,-62.9967,20.43,55,90,6.56,AR,1636775992
Pisco,-13.7,-76.2167,17.23,88,0,5.14,PE,1636775992
Srednekolymsk,67.45,153.6833,-15.33,96,100,1.08,RU,1636775993
Santiago del Estero,-27.7951,-64.2615,27.0,46,99,3.69,AR,1636775993
Salalah,17.0151,54.0924,26.04,45,35,1.2,OM,1636775993
Neuquén,-38.9516,-68.0591,15.94,94,0,0.0,AR,1636775815
Darhan,49.4867,105.9228,0.62,47,100,0.29,MN,1636775994
Pevek,69.7008,170.3133,-12.63,95,100,2.28,RU,1636775994
Barra,-11.0894,-43.1417,26.92,56,99,2.16,BR,1636775995
Tezu,27.9167,96.1667,25.46,30,36,1.46,IN,1636775995
Kiryat Gat,31.61,34.7642,22.38,26,93,2.46,IL,1636775884
Corinth,37.9407,22.9573,12.05,82,92,0.11,GR,1636775996
Kavieng,-2.5744,150.7967,29.22,71,99,1.68,PG,1636775996
Lüderitz,-26.6481,15.1594,17.29,68,59,8.15,NA,1636775997
Manaus,-3.1019,-60.025,26.27,89,0,0.0,BR,1636775762
Gorodishche,48.8045,44.4744,1.49,93,75,5.0,RU,1636775997
Yerbogachën,61.2767,108.0108,-17.98,92,72,0.87,RU,1636775998
Te Anau,-45.4167,167.7167,9.35,96,100,2.42,NZ,1636775998
Asău,46.4333,26.4,2.64,59,86,0.64,RO,1636775999
Mehamn,71.0357,27.8492,-3.54,91,100,8.07,NO,1636775999
Ilulissat,69.2167,-51.1,-17.16,80,100,2.92,GL,1636775999
Ribeira Grande,38.5167,-28.7,19.22,88,100,5.69,PT,1636776001
Christchurch,-43.5333,172.6333,17.73,71,90,0.89,NZ,1636776001
Hambantota,6.1241,81.1185,29.19,79,20,2.57,LK,1636776002
Sørland,67.667,12.6934,4.8,58,100,6.85,NO,1636776003
Ust'-Uda,54.1742,103.0304,-1.52,90,100,1.13,RU,1636776003
Qaqortoq,60.7167,-46.0333,-9.29,72,100,2.62,GL,1636776004
Vechta,52.7167,8.2833,8.59,85,100,4.89,DE,1636776005
Jodiya,22.6925,70.306,29.17,37,10,3.95,IN,1636776006
Watrous,51.6668,-105.4679,-5.81,75,98,7.2,CA,1636776007
Çan,40.0333,27.0524,7.93,73,98,1.0,TR,1636776008
New Norfolk,-42.7826,147.0587,12.16,69,85,0.89,AU,1636776008
Kabare,-2.4683,28.8242,16.06,89,100,0.81,CD,1636775951
Hong Kong,22.2855,114.1577,25.02,45,95,0.89,HK,1636775786
Vestmannaeyjar,63.4427,-20.2734,5.6,81,98,13.13,IS,1636776009
Wenzhou,27.9994,120.6668,13.48,80,100,1.21,CN,1636776005
Departamento de Maldonado,-34.6667,-54.9167,11.79,88,7,3.1,UY,1636776011
Bowen,-20.0167,148.2333,28.98,43,68,3.17,AU,1636776011
Faya,18.3851,42.4509,14.0,55,0,1.72,SA,1636776012
Vao,-22.6667,167.4833,24.56,80,19,3.98,NC,1636776012
Faanui,-16.4833,-151.75,26.26,65,51,4.34,PF,1636776012
Saint-Ambroise,48.5501,-71.3324,3.1,97,100,2.26,CA,1636776013
Baft,29.234,56.6057,9.91,46,3,0.09,IR,1636776013
Mapiripán,2.8892,-72.1256,23.6,81,91,1.58,CO,1636776014
Rimouski,48.4488,-68.524,2.82,95,100,1.2,CA,1636775953
Imbituba,-28.24,-48.6703,18.23,84,100,2.89,BR,1636776015
Hwange,-18.3693,26.5019,22.35,78,9,1.09,ZW,1636776015
Zlynka,52.4267,31.7378,3.69,94,98,2.49,RU,1636776015
Madimba,-10.4,40.3333,26.99,71,43,3.17,TZ,1636776016
East London,-33.0153,27.9116,17.3,87,48,1.75,ZA,1636776017
Murygino,58.7383,49.4582,-0.89,94,100,1.44,RU,1636776017
Buckeye,33.3703,-112.5838,26.44,27,0,3.6,US,1636776017
Ieud,47.678,24.234,-3.58,39,92,1.08,RO,1636776018
Iqaluit,63.7506,-68.5145,-11.28,72,100,5.36,CA,1636776018
Ancud,-41.8697,-73.8203,10.1,97,100,3.3,CL,1636776019
Haines Junction,60.7522,-137.5108,-6.88,93,100,0.9,CA,1636776019
Ostrovnoy,68.0531,39.5131,-3.64,75,100,4.42,RU,1636776020
Bethel,41.3712,-73.414,10.87,92,90,0.0,US,1636776020
Mahébourg,-20.4081,57.7,25.7,73,52,3.68,MU,1636776020
Neiafu,-18.65,-173.9833,26.45,74,93,1.63,TO,1636776021
Wenling,28.3669,121.36,12.8,78,100,2.21,CN,1636776021
Prainha,-1.8,-53.48,24.3,77,11,1.25,BR,1636776022
Leningradskiy,69.3833,178.4167,-13.29,91,96,0.83,RU,1636776022
North Bend,43.4065,-124.2243,16.62,99,100,1.7,US,1636776022
Kampot,10.6167,104.1833,29.03,72,65,4.01,KH,1636776023
Ballina,-28.8667,153.5667,26.1,36,0,7.2,AU,1636776023
Hailar,49.2,119.7,1.54,59,40,5.14,CN,1636776024
Atbasar,51.8,68.3333,-2.23,88,100,7.15,KZ,1636776024
Pontianak,-0.0333,109.3333,27.99,78,20,1.54,ID,1636776024
Tiznit Province,29.5833,-9.5,10.99,75,6,0.96,MA,1636776025
Caçapava do Sul,-30.5122,-53.4914,10.55,84,0,3.36,BR,1636776025
Le Port,-20.9373,55.2919,28.27,77,15,2.89,RE,1636776026
Laguna,38.421,-121.4238,16.8,95,90,0.45,US,1636776026
Novichikha,52.204,81.3877,-0.22,80,78,5.43,RU,1636776028
Burayevo,55.8407,55.4083,-2.41,96,100,4.05,RU,1636776028
Camacha,33.0833,-16.3333,18.68,68,40,4.63,PT,1636776028
Nizhniy Kuranakh,58.8353,125.4869,-10.26,88,100,3.16,RU,1636776029
Biak,-0.9131,122.8766,29.18,68,74,1.13,ID,1636776029
Rawson,-43.3002,-65.1023,14.16,94,75,0.0,AR,1636776030
Hamilton,39.1834,-84.5333,3.93,88,90,0.89,US,1636776031
Mount Gambier,-37.8333,140.7667,13.7,46,100,4.92,AU,1636776031
Saryg-Sep,51.5,95.6,-4.46,68,53,0.9,RU,1636776031
San Quintín,30.4833,-115.95,21.17,40,59,1.89,MX,1636776032
Bengkulu,-3.8004,102.2655,28.29,68,100,1.57,ID,1636776032
Broome,42.2506,-75.833,7.6,71,7,2.28,US,1636776033
Noumea,-22.2763,166.4572,31.99,99,41,3.69,NC,1636775698
Beloha,-25.1667,45.05,26.47,65,68,3.09,MG,1636776033
Vuktyl,63.8567,57.3094,-4.42,94,100,3.35,RU,1636776034
Shimoda,34.6667,138.95,18.39,48,0,3.85,JP,1636776034
Manoel Urbano,-8.8389,-69.2597,22.59,100,100,0.87,BR,1636776034
Shādegān,30.6497,48.6647,17.64,37,0,3.93,IR,1636776035
Pingyi,35.5006,117.6308,13.78,37,0,4.32,CN,1636776035
Ponta Delgada,37.7333,-25.6667,21.4,68,40,7.2,PT,1636776036
Margate,51.3813,1.3862,12.15,77,97,3.13,GB,1636776036
Esim,4.8699,-2.2405,25.46,88,58,2.29,GH,1636776037
Geraldton,-28.7667,114.6,29.23,21,0,6.17,AU,1636776037
Mossoró,-5.1875,-37.3442,24.72,81,20,3.76,BR,1636776038
Chu,43.5983,73.7614,2.9,59,100,2.05,KZ,1636776038
Sorata,-15.7667,-68.6333,7.78,94,95,2.06,BO,1636776038
Matadi,-5.8167,13.45,25.42,90,100,0.85,CD,1636776039
Jamame,0.0722,42.7506,26.61,74,98,3.44,SO,1636776039
Sikasso,10.9167,-7.0,22.9,20,59,2.28,ML,1636776040
Tabuk,17.4189,121.4443,28.87,68,46,2.0,PH,1636776040
Grindavik,63.8424,-22.4338,5.26,70,75,8.75,IS,1636776041
Half Moon Bay,37.4636,-122.4286,18.68,87,1,2.57,US,1636775877
Katsuura,35.1333,140.3,16.06,51,4,2.05,JP,1636776041
Karabulak,43.3036,44.8964,-2.45,51,76,1.89,RU,1636776042
Launceston,-41.45,147.1667,14.8,60,75,2.24,AU,1636775866
Bintulu,3.1667,113.0333,26.43,81,100,1.22,MY,1636776042
Nuuk,64.1835,-51.7216,-9.66,67,20,7.72,GL,1636776043
Morondava,-20.2833,44.2833,27.0,77,88,2.79,MG,1636776043
Ayan,56.45,138.1667,-3.43,84,100,6.74,RU,1636776044
Konëvo,62.1215,39.3192,0.19,85,100,3.15,RU,1636776044
Salé,34.0389,-6.8166,13.38,100,75,0.0,MA,1636775929
Narsaq,60.9167,-46.05,-5.88,67,100,2.96,GL,1636776045
Pendleton,45.6721,-118.7886,14.11,88,100,1.34,US,1636776045
Nizwá,22.9333,57.5333,23.22,34,0,0.77,OM,1636776045
Port Hardy,50.6996,-127.4199,8.55,83,57,3.56,CA,1636776046
Acapulco de Juárez,16.8634,-99.8901,24.58,81,0,2.08,MX,1636776003
Toora-Khem,52.4675,96.11,-2.42,59,100,0.46,RU,1636776046
San Cristobal,7.7669,-72.225,18.26,80,18,0.78,VE,1636776047
Grand Forks,47.9417,-97.4337,-2.04,80,90,4.63,US,1636776047
Guaymas,27.9333,-110.9,19.86,51,0,2.38,MX,1636776048
Isangel,-19.55,169.2667,27.09,77,55,2.0,VU,1636776048
Flinders,-34.5833,150.8552,16.14,70,100,8.73,AU,1636776049
Pacific Grove,36.6177,-121.9166,18.32,90,0,0.45,US,1636775911
San Buenaventura,27.0833,-101.5333,20.51,62,0,1.82,MX,1636776050
Lorengau,-2.0226,147.2712,29.99,68,71,1.91,PG,1636776051
Brookings,44.3114,-96.7984,-1.77,93,90,6.17,US,1636776016
Acarí,-15.4311,-74.6158,19.72,73,100,1.48,PE,1636776052
Mbandaka,0.0487,18.2603,21.37,93,20,1.43,CD,1636776052
Shache,38.4167,77.2406,4.88,31,24,1.5,CN,1636776053
Karpathos,35.507,27.2132,17.98,72,9,1.03,GR,1636776053
Korla,41.7597,86.1469,1.84,30,0,2.0,CN,1636776053
Berdigestyakh,62.0989,126.6992,-16.51,86,100,2.12,RU,1636776054
Taizhou,32.4933,119.9106,19.94,35,100,4.51,CN,1636776054
Kuril'sk,45.2333,147.8833,6.56,68,90,10.19,RU,1636776055
Codrington,-38.2667,141.9667,13.47,52,100,6.86,AU,1636776055
Bathsheba,13.2167,-59.5167,26.63,79,45,7.19,BB,1636776055
Jining,35.405,116.5814,14.44,35,0,4.27,CN,1636776056
Luba,3.4568,8.5547,26.67,85,62,2.13,GQ,1636776056
Nishihara,26.1842,127.7558,21.6,53,75,4.63,JP,1636776057
Tiarei,-17.5333,-149.3333,27.01,65,13,4.96,PF,1636776057
Kahului,20.8947,-156.47,26.59,79,100,2.09,US,1636775986
Yangi Marg`ilon,40.4272,71.7189,3.68,70,66,0.0,UZ,1636776058
Verkhnetulomskiy,68.6073,31.7962,-14.93,98,92,1.37,RU,1636776058
Sangar,63.9242,127.4739,-21.58,97,100,1.05,RU,1636776058
Kayiry,46.9454,33.7059,5.94,79,2,2.89,UA,1636776059
Tiksi,71.6872,128.8694,-24.08,100,78,1.25,RU,1636776059
Saint-Pierre,-21.3393,55.4781,28.09,65,0,2.57,RE,1636776060
Yulara,-25.2406,130.9889,22.11,24,0,2.97,AU,1636776060
Pangnirtung,66.1451,-65.7125,-17.84,89,45,2.75,CA,1636776061
Port Hedland,-20.3167,118.5667,35.03,7,52,6.69,AU,1636776061
Port Lincoln,-34.7333,135.8667,13.02,72,97,6.81,AU,1636776061
Sitka,57.0531,-135.33,5.94,70,90,6.69,US,1636776062
Mandera,3.9366,41.867,26.1,72,84,5.71,KE,1636776062
Hualmay,-11.0964,-77.6139,17.27,87,80,4.29,PE,1636776063
Martinsville,36.6915,-79.8725,12.81,70,49,1.67,US,1636776057
Saskylakh,71.9167,114.0833,-29.9,96,17,2.69,RU,1636776063
Aitape,-3.1374,142.3475,29.98,71,92,2.76,PG,1636776064
Ushtobe,45.2514,77.9838,6.59,58,100,1.23,KZ,1636776064
Domoni,-12.2569,44.5319,26.86,76,45,3.56,KM,1636776065
Saint Paul Harbor,57.79,-152.4072,-5.27,80,90,5.14,US,1636776065
Bilma,18.6853,12.9164,24.78,14,90,3.2,NE,1636776065
Balikpapan,-1.2675,116.8289,26.55,89,75,3.09,ID,1636776026
Marsala,37.7966,12.4352,14.75,71,47,5.55,IT,1636776066
Indianola,41.3581,-93.5574,0.92,82,94,6.85,US,1636775882
Santa Marta,11.2408,-74.199,23.52,77,72,5.83,CO,1636776067
Saint-Pie,45.5001,-72.8991,7.25,91,19,3.04,CA,1636776067
Takoradze,4.8845,-1.7554,25.64,88,32,2.06,GH,1636776068
Berezniki,59.4152,56.8124,-2.79,99,100,1.59,RU,1636776068
Madang,-5.2246,145.7966,29.98,66,100,2.32,PG,1636776069
Matagami,49.7502,-77.6328,1.79,89,10,3.98,CA,1636776069
Nome,64.5011,-165.4064,-13.48,95,15,2.79,US,1636776069
Palmer,42.1584,-72.3287,8.59,90,4,0.84,US,1636776070
Olhão,37.0286,-7.8411,11.94,82,0,3.09,PT,1636776070
Ankazoabo,-22.2833,44.5167,24.77,73,25,2.36,MG,1636776071
Arlit,18.7369,7.3853,22.94,18,47,0.53,NE,1636776072
La Ronge,55.1001,-105.2842,-4.18,76,100,7.23,CA,1636776072
Ketchikan,55.3422,-131.6461,6.59,81,100,3.57,US,1636776073
Hobyo,5.3505,48.5268,27.05,67,94,6.08,SO,1636776073
Newtownards,54.5924,-5.6909,10.97,86,89,1.34,GB,1636776074
Sirte,31.2089,16.5887,19.51,78,4,2.92,LY,1636776074
Ust-Tsilma,65.441,52.1498,-6.88,94,91,2.89,RU,1636776075
Kloulklubed,7.0419,134.2556,29.31,71,99,2.13,PW,1636776075
Provideniya,64.3833,-173.3,-8.28,94,90,1.54,RU,1636776076
Hokitika,-42.7167,170.9667,15.93,98,100,7.66,NZ,1636776076
Kandi,11.1342,2.9386,24.55,44,100,1.75,BJ,1636776077
Alyangula,-13.8483,136.4192,29.91,56,100,8.72,AU,1636776077
Mossamedes,-15.1961,12.1522,20.04,87,5,1.53,AO,1636776078
Yanam,16.7333,82.2167,28.22,93,100,3.74,IN,1636776078
Talnakh,69.4865,88.3972,-12.85,90,100,6.64,RU,1636776078
Križevci,46.0219,16.5425,4.89,76,75,1.37,HR,1636776079
Sur,22.5667,59.5289,26.98,43,0,5.96,OM,1636776079
Xining,36.6167,101.7667,-0.36,49,0,1.0,CN,1636776080
Xam Nua,20.4197,104.0439,19.93,63,99,1.61,LA,1636776080
Ucluelet,48.9329,-125.5528,8.94,88,16,4.77,CA,1636775982
Miasskoye,55.2784,61.8905,-0.51,89,76,3.24,RU,1636776081
Kenai,60.5544,-151.2583,-6.06,92,100,3.02,US,1636776081
Meulaboh,4.1363,96.1285,28.9,65,64,0.56,ID,1636776082
La Orilla,17.9833,-102.2333,23.7,83,0,2.08,MX,1636776082
Ipanema,-30.1391,-51.2244,17.43,75,4,5.5,BR,1636776083
Wajir,1.7471,40.0573,25.1,75,36,5.95,KE,1636776083
Tessalit,20.1986,1.0114,20.78,15,100,3.99,ML,1636776084
Indergarh,26.9352,79.6724,22.43,43,0,1.54,IN,1636776084
Kununurra,-15.7667,128.7333,34.99,18,48,5.66,AU,1636776085
Mokobeng,-22.9965,27.6678,22.88,53,96,1.86,BW,1636776085
Brčko,44.8728,18.8083,5.43,88,20,0.97,BA,1636776085
Mitsamiouli,-11.3847,43.2844,27.1,74,47,4.61,KM,1636776086
Ponta do Sol,32.6667,-17.1,19.84,66,5,1.96,PT,1636776086
Udimskiy,61.1417,45.9144,-1.43,94,100,3.0,RU,1636776087
Paamiut,61.994,-49.6678,-10.81,68,0,3.92,GL,1636776087
Severo-Yeniseyskiy,60.3725,93.0408,-14.97,84,66,1.54,RU,1636776087
Padang,-0.9492,100.3543,30.03,63,68,2.21,ID,1636776028
Marrakesh,31.6315,-8.0083,12.04,82,6,2.06,MA,1636776088
Kangaatsiaq,68.3065,-53.4641,-10.07,90,100,3.77,GL,1636776089
Rassvet,46.8333,40.75,5.63,98,24,2.0,RU,1636776089
Verkhneye Kazanishche,42.7355,47.1378,1.48,42,64,1.21,RU,1636776089
Ninotsminda,41.2646,43.5916,-9.75,52,7,2.08,GE,1636776090
Puerto Escondido,15.85,-97.0667,25.06,64,0,2.5,MX,1636776090
Bogorodskoye,56.55,37.8833,2.0,98,100,4.39,RU,1636776091
Ingham,42.6,-84.3833,1.87,86,90,3.6,US,1636775866
Pingliang,35.5392,106.6861,9.78,18,0,2.04,CN,1636776091
Mayo,38.8876,-76.5119,11.98,91,0,0.89,US,1636776092
Sānwer,22.9833,75.8333,22.07,36,91,4.74,IN,1636776092
Mae Sai,20.4335,99.8762,25.25,74,99,0.75,TH,1636776092
Bilibino,68.0546,166.4372,-7.58,96,100,0.54,RU,1636776093
Midland,31.9974,-102.0779,9.79,35,1,1.54,US,1636776069
San Salvo,42.0433,14.7272,12.44,91,84,1.74,IT,1636776094
Ugra,54.7777,34.3267,3.25,77,98,4.29,RU,1636776095
Guangming,45.3333,122.7833,3.74,76,95,3.28,CN,1636776095
Krasnosel'kup,65.7,82.4667,-14.69,94,100,6.57,RU,1636776096
Tuatapere,-46.1333,167.6833,9.36,96,100,3.14,NZ,1636776096
Beckley,37.7782,-81.1882,10.27,45,100,1.34,US,1636775897
Longyearbyen,78.2186,15.6401,-16.09,72,20,4.63,SJ,1636775834
Karaton,-6.3424,106.1045,30.09,56,84,1.85,ID,1636776097
Menongue,-14.6585,17.691,17.09,88,100,0.33,AO,1636776097
Inhambane,-23.865,35.3833,23.87,79,74,2.3,MZ,1636776098
Curup,-3.4667,102.5333,25.9,65,100,1.32,ID,1636776098
Bay Roberts,47.5999,-53.2648,1.4,75,12,2.64,CA,1636776099
Rajo Khanani,24.9841,68.8536,27.13,15,0,3.95,PK,1636776099
Catuday,16.2923,119.8062,29.45,64,75,3.21,PH,1636776100
Oktyabr'skoye,43.0645,44.7417,-3.92,93,47,2.0,RU,1636776100
Baykit,61.67,96.37,-17.05,94,90,0.77,RU,1636776100
Baker City,44.7749,-117.8344,9.07,96,100,1.72,US,1636776101
Tisul',55.7611,88.3122,1.18,95,100,7.25,RU,1636776102
Dalaba,10.7,-12.25,16.36,73,100,1.1,GN,1636776102
Itacarambi,-15.1022,-44.0919,21.91,93,100,2.06,BR,1636776103
Burnie,-41.0667,145.9167,11.71,70,99,1.48,AU,1636776103
Ahipara,-35.1667,173.1667,19.4,98,100,6.37,NZ,1636776103
Ombessa,4.603,11.2565,20.08,99,81,1.04,CM,1636776104
Keningau,5.3378,116.1602,29.25,63,100,1.37,MY,1636776104
Gradiste,44.7567,21.5136,0.03,61,88,2.35,RS,1636776105
Vostok,46.4856,135.8833,-1.29,68,50,3.31,RU,1636776105
Vardø,70.3705,31.1107,-1.2,70,84,7.11,NO,1636776105
São Filipe,14.8961,-24.4956,24.3,74,33,3.5,CV,1636776106
Timizart,36.8,4.2667,12.93,94,100,2.51,DZ,1636776106
Whitehorse,60.7161,-135.0538,-3.83,92,90,1.03,CA,1636776070
Richards Bay,-28.783,32.0377,21.15,78,76,3.53,ZA,1636776107
Mogadishu,2.0371,45.3438,26.96,75,57,6.7,SO,1636776107
Aklavik,68.2191,-135.0107,-12.47,92,100,6.33,CA,1636776108
Donskoye,45.4552,41.9741,7.07,94,18,4.84,RU,1636776108
Puno,-15.8333,-70.0333,9.6,62,99,0.76,PE,1636776109
Kalakamati,-20.5929,27.3121,21.42,61,6,3.66,BW,1636776109
Anqiu,36.4342,119.1925,14.68,37,0,4.18,CN,1636776109
‘Āhuimanu,21.4447,-157.8378,26.53,71,100,3.52,US,1636776110
Mahon,39.8885,4.2658,14.31,94,0,4.12,ES,1636776110
Boguchany,58.3814,97.4531,-11.95,93,97,0.63,RU,1636776111
Srandakan,-7.9386,110.2506,28.48,76,100,3.56,ID,1636776111
Kavaratti,10.5669,72.642,27.5,73,70,1.07,IN,1636776112
Bāgeshwar,29.85,79.7667,17.7,47,0,0.65,IN,1636776112
Esna,25.2934,32.554,20.77,51,0,2.89,EG,1636776112
Along,28.1667,94.7667,23.88,40,33,0.24,IN,1636776113
Fare,-16.7,-151.0167,25.83,66,30,4.84,PF,1636776113
Kumta,14.4167,74.4,26.72,79,95,2.38,IN,1636776114
Gebre Guracha,9.8,38.4,12.15,65,91,1.31,ET,1636776114
Sibolga,1.7427,98.7792,29.41,64,95,1.98,ID,1636776115
Vaitape,-16.5167,-151.75,26.25,65,53,4.3,PF,1636776115
Huilong,31.8111,121.655,20.02,37,91,4.81,CN,1636775921
Santa,17.486,120.4348,30.71,63,13,3.14,PH,1636776116
Norman Wells,65.282,-126.8329,-14.83,93,100,4.07,CA,1636776116
Chicama,-7.8447,-79.1469,17.47,85,85,2.72,PE,1636776118
Mopipi,-21.1833,24.8833,26.17,37,27,7.77,BW,1636776118
Muhafazat Lahij,13.1667,44.5833,23.51,54,29,1.93,YE,1636776119
Aksarka,66.5606,67.7975,-9.25,96,100,1.89,RU,1636776119
Lewistown,40.5992,-77.5714,8.41,100,20,0.0,US,1636776119
Otoka,44.96,16.1792,6.27,92,55,0.95,BA,1636776120
Loreto,22.2667,-101.9667,13.73,61,11,5.78,MX,1636776120
Dzilam González,21.2833,-88.9333,22.8,89,82,1.59,MX,1636776121
Estrela,-28.0611,-50.9383,11.75,81,85,3.92,BR,1636776121
Jiujiang,29.7333,115.9833,18.45,30,0,3.78,CN,1636776020
Caravelas,-17.7125,-39.2481,20.83,91,100,7.37,BR,1636776122
Waitati,-45.75,170.5667,12.67,66,100,3.77,NZ,1636776122
Abadiânia,-16.2042,-48.7069,18.12,91,90,0.64,BR,1636776123
Samarai,-10.6167,150.6667,29.46,72,93,4.59,PG,1636776123
Lesnoy,57.6198,63.0784,-4.42,94,52,3.15,RU,1636776124
Maceió,-9.6658,-35.7353,25.48,84,51,4.1,BR,1636776006
Hājīganj,23.2511,90.8592,21.9,79,100,1.94,BD,1636776125
Chikola,43.1906,43.9209,-4.05,61,62,2.03,RU,1636776125
Machaneng,-23.1862,27.4886,23.1,52,97,3.02,BW,1636776126
Nordstemmen,52.162,9.7835,6.49,90,97,3.13,DE,1636776126
Sola,-13.8833,167.55,28.0,74,29,4.12,VU,1636776127
Guiratinga,-16.3494,-53.7583,21.93,95,100,1.44,BR,1636776127
Vernon,50.2581,-119.2691,8.96,75,82,0.45,CA,1636776002
Assiniboia,49.6334,-105.9845,-1.14,55,99,6.76,CA,1636776128
Panabá,21.2833,-88.2667,22.28,91,6,2.1,MX,1636776128
Kazachinskoye,57.6953,93.2761,-6.27,91,97,2.14,RU,1636776128
Sisimiut,66.9395,-53.6735,-10.38,86,98,3.79,GL,1636776129
Cayenne,4.9333,-52.3333,26.72,85,20,0.89,GF,1636776051
Bayir,37.2687,28.2167,5.29,85,97,0.42,TR,1636776129
Sambava,-14.2667,50.1667,23.88,82,7,2.66,MG,1636776130
Abu Samrah,35.3029,37.1841,12.49,38,38,3.31,SY,1636776130
Cherskiy,68.75,161.3,-12.1,96,100,2.24,RU,1636776131
Benguela,-12.5763,13.4055,24.57,84,5,1.85,AO,1636776033
Riohacha,11.5444,-72.9072,25.21,81,78,5.11,CO,1636776132
Sarangani,5.4033,125.4636,29.15,73,100,7.08,PH,1636776132
Hasaki,35.7333,140.8333,16.22,50,43,2.85,JP,1636776132
Perry,37.2506,-83.1999,13.1,85,95,2.75,US,1636776133
Salaga,8.5508,-0.5188,25.76,79,100,2.11,GH,1636776133
‘Ewa Beach,21.3156,-158.0072,26.66,68,100,2.24,US,1636776134
Muros,42.7762,-9.0603,13.24,89,28,3.46,ES,1636776134
Batagay,67.6333,134.6333,-20.6,96,100,0.42,RU,1636776135
Riyadh,24.6877,46.7219,15.08,32,1,2.56,SA,1636775889
Taltal,-25.4,-70.4833,16.29,79,1,0.49,CL,1636776020
Mwinilunga,-11.7358,24.4293,15.87,93,59,1.01,ZM,1636776136
Watsa,3.0372,29.5355,17.86,95,100,0.51,CD,1636776136
Thinadhoo,0.5333,72.9333,28.15,75,74,7.13,MV,1636776136
Miracema do Tocantins,-9.5618,-48.3967,22.83,94,100,1.25,BR,1636776137
Velikooktyabr'skiy,57.4333,33.8159,2.42,87,100,3.8,RU,1636776137
Haimen,23.1935,116.6142,21.52,59,50,5.39,CN,1636776138
Bobo-Dioulasso,11.1771,-4.2979,22.39,23,54,2.01,BF,1636776019
Brae,60.3964,-1.353,9.95,96,100,4.04,GB,1636776138
Guánica,17.9716,-66.908,26.23,84,100,0.89,PR,1636776139
Qui Nhon,13.7667,109.2333,24.94,94,100,6.15,VN,1636776141
Vila Velha,-20.3297,-40.2925,18.86,87,100,3.58,BR,1636776141
Saint-Joseph,-21.3667,55.6167,27.48,69,45,1.69,RE,1636776141
Havøysund,70.9963,24.6622,0.49,88,100,9.07,NO,1636776142
Clarence Town,-32.5833,151.7833,22.01,45,36,9.26,AU,1636776142
Juneau,58.3019,-134.4197,4.56,96,90,2.57,US,1636776019
Notre-Dame-de-Gravenchon,49.4894,0.5719,12.47,87,99,5.98,FR,1636776143
Samaná,19.2056,-69.3369,24.66,88,70,2.32,DO,1636776143
Kigorobya,1.6162,31.3089,19.32,90,97,0.66,UG,1636776144
Arrondissement de Rambouillet,48.5833,1.9167,10.59,94,93,5.14,FR,1636776144
Pokhara,28.2333,83.9833,19.63,54,0,1.84,NP,1636776134
Kaeo,-35.1,173.7833,22.96,93,100,5.73,NZ,1636776145
Krasnaya Gora,52.9995,31.6023,-0.05,94,100,2.81,RU,1636776145
Ol'ga,43.7444,135.2892,6.89,38,23,1.55,RU,1636776146
Nārsingi,18.0333,78.4333,21.97,83,95,2.77,IN,1636776146
Hammerfest,70.6634,23.6821,0.25,100,90,1.54,NO,1636776147
Harar,9.3094,42.1258,17.17,60,98,1.32,ET,1636776147
Villa María,-32.4075,-63.2402,21.01,61,0,3.7,AR,1636776148
Shaowu,27.3409,117.4831,14.6,77,97,0.63,CN,1636776148
Weligama,5.9667,80.4167,29.2,68,20,5.63,LK,1636776148
Tarata,-17.6167,-66.0167,14.82,67,83,1.94,BO,1636776149
Turaif,31.6725,38.6637,11.19,33,75,5.35,SA,1636776149
Terme,41.2092,36.9739,9.42,58,0,1.51,TR,1636776150
Derzhavīnsk,51.1,66.3167,-2.02,92,100,7.43,KZ,1636776150
Nālūt,30.3333,10.85,14.7,56,87,5.53,LY,1636776151
Stolin,51.8912,26.846,1.53,93,23,1.44,BY,1636776151
Paraibano,-6.4331,-43.9836,22.62,85,15,1.14,BR,1636776151
Olinda,-8.0089,-34.8553,26.85,74,40,4.12,BR,1636776152
Zyryanka,65.75,150.85,-16.09,96,100,2.47,RU,1636776152
Leh,34.1667,77.5833,-5.16,45,1,0.56,IN,1636776153
Vallenar,-28.5708,-70.7581,18.26,47,0,0.9,CL,1636776153
Keetmanshoop,-26.5833,18.1333,21.36,29,0,0.94,NA,1636776153
